1.150809 0.047521
1.168627 0.073537
1.177688 0.106140
1.185347 0.250454
1.191148 0.380410
1.206074 0.498778
1.215479 0.514200
1.221241 0.722881
1.227062 0.955025
1.237531 1.167900
1.245051 1.273793
1.251692 1.479248
1.258331 1.471443
1.289573 1.514551
1.302949 1.666892
1.310620 1.949221
1.325005 2.234661
1.330826 2.518408
1.348845 2.571645
1.354686 2.623994
1.364560 2.776766
1.376142 3.025896
1.382004 3.267448
1.394045 3.250432
1.413628 3.564632
1.425310 3.902661
1.431111 4.028777
1.443793 4.334287
1.449574 4.548751
1.469098 4.796736
1.474920 4.867850
1.480702 5.186518
1.506359 5.144856
1.512381 5.434313
1.518222 5.578069
1.524005 5.961882
1.535620 6.313615
1.545915 6.685968
1.551736 7.028419
1.571109 7.175465
1.578635 7.537169
1.584396 7.943683
1.596090 8.002957
1.602011 8.173322
1.607792 8.445198
1.613614 8.443777
1.619397 8.862290
1.625179 8.931711
1.631001 9.350086
1.636803 9.674921
1.642604 10.102101
1.648485 10.516286
1.678822 10.493780
1.684604 10.694280
1.690706 10.960659
1.696868 11.293786
1.704823 11.681014
1.710606 12.139341
1.716517 12.598189
1.724336 13.030378
1.735998 13.442375
1.741899 13.899161
1.753993 14.052760
1.765779 14.339459
1.771862 14.735557
1.777643 14.999672
1.783606 15.457622
1.807586 15.801458
1.813428 16.280454
1.819350 16.287579
1.831013 16.307575
1.836814 16.787734
1.842717 17.289349
1.848569 17.758667
1.854491 18.232763
1.860413 18.359496
1.872721 18.484972
1.884969 18.526503
1.897116 18.630248
1.915810 19.027527
1.921732 19.542105
1.927645 20.073878
1.934324 20.565969
1.940126 21.060164
1.945907 21.559675
1.958891 21.691966
1.964833 21.920602
1.977140 22.135826
1.989247 22.409544
2.004828 22.562716
2.010669 23.107198
2.016451 23.645344
2.022252 24.176322
2.029966 24.704072
2.035839 25.219952
2.047502 25.663899
2.064346 25.904839
2.088981 26.100491
2.106833 26.502312
2.112655 27.061627
2.131097 27.373666
2.136979 27.916155
2.142760 28.420553
2.148581 28.961696
2.154585 29.519175
2.160556 30.059543
2.166737 29.977398
2.191928 29.903759
2.197869 30.441424
2.210944 30.317934
2.216726 30.894382
2.228448 31.380451
2.234350 31.937426
2.240232 32.425498
2.246014 32.982040
2.251855 33.545259
2.257828 34.117409
2.275994 34.459534
2.281915 35.017192
2.294163 34.935815
2.317861 35.259468
2.323682 35.843565
2.329525 36.417705
2.335347 36.992629
2.341189 37.571053
2.347322 38.158507
2.353234 38.706704
2.359056 39.303325
2.377218 39.256110
2.383279 39.307067
2.390278 39.391333
2.396240 39.586757
2.402182 39.788047
2.408004 40.392637
2.413786 40.635729
2.419588 41.226032
2.425369 41.820317
2.431190 42.417505
2.442933 42.897976
2.448735 43.137714
2.454536 43.417695
2.460658 43.697024
2.466651 44.290817
2.472763 44.607871
2.490655 44.717161
2.496676 44.894075
2.502457 45.427237
2.508239 46.035784
2.514121 46.394201
2.520034 47.016976
2.525875 47.619639
2.537517 48.115445
2.543339 48.472213
2.549181 49.059881
2.554963 49.655202
2.560904 50.043355
2.576621 50.244454
2.584623 50.632995
2.597304 50.933222
2.605063 51.453294
2.612682 52.038843
2.620360 52.467751
2.626162 53.077693
2.631984 53.545043
2.637825 54.158022
2.657967 54.461851
2.663748 55.062216
2.673588 55.473216
2.679370 56.050382
2.693132 56.236791
2.698933 56.749848
2.704716 57.142665
2.710519 57.576616
2.716321 58.198542
2.722123 58.682942
2.733705 59.171633
2.739507 59.687972
2.745269 60.208696
2.751150 60.823998
2.756992 61.434710
2.762834 61.983463
2.768715 62.585449
2.774658 63.158123
2.780521 63.772328
2.786353 64.222047
2.792276 64.835662
2.798108 65.376213
2.804100 65.857797
2.810012 66.486585
2.815834 67.106551
2.822574 67.652114
2.836811 68.075444
2.842594 68.591071
2.860263 68.915761
2.866096 69.541459
2.871928 70.099368
2.887470 70.008833
2.894221 70.587873
2.900042 71.173530
2.906987 71.780177
2.912790 72.315762
2.920208 72.913256
2.925991 73.524777
2.931823 74.167262
2.937644 74.791537
2.943426 75.409032
2.952936 75.838194
2.981764 75.718090
2.987545 76.282840
2.995235 76.864280
3.004946 77.356842
3.019739 77.787671
3.025520 78.426610
3.039719 78.849301
3.051362 79.326775
3.057144 79.920392
3.063006 80.532626
3.070825 81.057711
3.086094 81.337650
3.100626 81.215969
3.110093 81.682146
3.115935 82.286205
3.129534 82.732452
3.139573 83.284118
3.157853 83.101348
3.163795 83.700893
3.169677 84.292389
3.182187 84.746646
3.188089 85.361680
3.201712 85.774426
3.207514 86.347542
3.219217 86.802935
3.225090 87.475760
3.230891 88.128751
3.237460 88.719728
3.243242 88.590464
3.249023 89.031572
3.261455 89.492268
3.273914 89.939169
3.279735 90.582293
3.293258 90.229322
3.305001 90.230207
3.310874 90.803998
3.316706 91.487598
3.322569 92.146792
3.328411 92.048429
3.335019 92.690631
3.340820 93.348158
3.346602 93.992273
3.362150 94.287217
3.382480 94.501211
3.399908 94.765879
3.405739 95.445502
3.414122 95.945686
3.425744 95.672647
3.431607 96.358380
3.439132 96.910816
3.450734 97.338890
3.462448 97.095334
3.468229 97.052879
3.474072 97.656480
3.491626 97.982191
3.505701 97.740338
3.511504 98.442059
3.518164 99.046239
3.529797 99.054029
3.535698 99.072108
3.559855 99.238161
3.571577 99.699930
3.577438 99.899104
3.583219 100.566448
3.618119 100.313262
3.637613 99.865876
3.643454 100.093886
3.649215 100.355479
3.654996 101.045331
3.660939 101.741316
3.672632 102.155527
3.678433 102.202564
3.684286 102.812075
3.690108 102.770540
3.695990 103.372180
3.727617 102.731941
3.734327 103.323500
3.740179 103.945149
3.751841 104.479967
3.757702 105.138237
3.763523 105.826719
3.769324 106.445220
3.775106 107.008575
3.780940 107.641068
3.787043 108.294836
3.792864 108.392287
3.800400 108.929723
3.806202 109.545705
3.817824 110.081929
3.829510 110.594680
3.841324 111.122987
3.852907 111.591872
3.858689 112.214280
3.870372 112.164201
3.876215 112.863796
3.882016 113.013114
3.887818 113.632182
3.894637 114.093179
3.900479 114.066505
3.906260 114.781692
3.912063 115.306422
3.923666 115.771835
3.930205 116.453841
3.935969 117.168586
3.947744 117.436548
3.953625 117.959403
3.959426 118.597510
3.968710 119.158680
3.974512 119.851583
3.980314 120.389367
3.999917 120.471238
4.011501 120.859539
4.017342 121.572541
4.028925 121.391716
4.036400 122.047564
4.042182 122.754317
4.047964 123.337458
4.065589 123.431149
4.071450 123.585428
4.077232 123.605611
4.106439 123.620647
4.112301 124.126452
4.129685 123.825288
4.141408 124.365154
4.147210 124.439824
4.153071 124.617864
4.158853 125.211044
4.164635 125.920762
4.187881 125.919503
4.193724 126.450119
4.199526 126.999085
4.211229 127.547752
4.217011 128.156523
4.222813 128.613177
4.228594 129.333406
4.234466 129.880965
4.240248 129.974698
4.246069 130.692563
4.251971 131.167113
4.263673 131.552881
4.269435 132.143889
4.275237 132.260588
4.281078 132.850215
4.286920 133.347121
4.292682 133.872468
4.305142 134.279825
4.310944 134.827638
4.317514 135.456643
4.323346 135.593765
4.329268 136.137336
4.335050 136.858646
4.340911 137.577331
4.346712 138.292393
4.352513 138.856550
4.358335 139.445452
4.364168 140.007366
4.370060 140.161844
4.375841 140.774716
4.384164 141.330741
4.390006 141.948825
4.395828 142.128712
4.401610 142.788660
4.407512 142.990956
4.413314 143.716401
4.419115 144.441742
4.424997 144.668170
4.442481 144.964049
4.448282 145.679495
4.459904 146.033836
4.465686 146.663497
4.471448 146.914794
4.477430 147.184386
4.483283 147.746787
4.489214 148.433893
4.495136 149.145588
4.506952 149.579693
4.519550 150.082356
4.525332 150.596675
4.531163 151.316690
4.537734 151.942936
4.543605 152.669939
4.549387 153.222923
4.561162 153.694030
4.568681 154.332021
4.574513 154.859371
4.580415 155.427373
4.586288 156.141381
4.598103 156.642383
4.603885 157.190595
4.611593 157.686827
4.617416 158.256138
4.624045 158.811498
4.629848 159.403864
4.635750 160.016574
4.641593 160.619697
4.647375 161.258694
4.653943 161.371901
4.665558 161.795693
4.671459 161.955895
4.677242 162.675987
4.683183 162.858312
4.688964 163.568907
4.694747 164.212793
4.700570 164.878623
4.706352 165.529280
4.712194 166.229294
4.718027 166.961003
4.723859 167.667820
4.735622 168.178474
4.741405 168.845012
4.747227 169.102024
4.753028 169.791449
4.759636 170.476546
4.765437 170.675598
4.771198 171.386477
4.777020 172.057439
4.782932 172.770926
4.801241 172.540032
4.807082 173.276231
4.830469 173.367280
4.836311 173.938089
4.843667 174.602986
4.849520 175.283140
4.855353 176.007432
4.878821 175.750058
4.902285 175.519236
4.908146 175.752147
4.913989 176.175917
4.925593 176.415955
4.937255 176.462872
4.943057 177.199319
4.954710 177.722323
4.960600 178.419995
4.967209 178.667058
4.972991 178.925905
4.978853 179.568834
4.991522 179.618619
4.998152 180.268197
5.003984 180.740377
5.009905 181.446821
5.015685 182.180046
5.021468 182.877292
5.027321 183.329506
5.033084 183.807216
5.038867 184.306358
5.044699 184.793294
5.050482 185.446425
5.062085 185.907226
5.068675 186.607261
5.074627 187.104283
5.080428 187.800997
5.086229 188.526821
5.092131 189.024805
5.097933 189.712289
5.103716 190.421918
5.115358 190.915590
5.121161 191.611537
5.127003 192.336415
5.132854 193.071481
5.138695 193.797666
5.144476 194.521435
5.150318 195.028909
5.156140 195.563253
5.161942 196.119853
5.173636 196.621885
5.179439 197.115038
5.185371 197.813110
5.191154 198.537873
5.205014 198.741661
5.210926 199.307785
5.216759 200.047891
5.222590 200.545536
5.229358 201.237646
5.242575 201.685525
5.248447 202.415546
5.254469 202.990908
5.260310 203.500643
5.266173 204.101921
5.271994 204.632298
5.277775 205.348123
5.289379 205.640588
5.295250 206.145827
5.301143 206.680056
5.306975 207.296452
5.312756 208.026723
5.318558 208.764879
5.324340 209.289446
5.341883 209.529343
5.347666 210.264053
5.353587 210.982968
5.378368 210.317343
5.384230 210.850146
5.390132 211.475873
5.396014 212.184972
5.401795 212.284751
5.407577 212.933275
5.413359 213.466412
5.419181 214.132336
5.424963 214.750887
5.430784 215.477348
5.436566 216.024185
5.442348 216.660283
5.448976 217.353062
5.454757 218.085149
5.460599 218.736003
5.472341 219.059004
5.478124 219.774722
5.483966 220.446650
5.489748 221.115291
5.495641 221.810735
5.507343 222.304040
5.513185 222.836532
5.524907 223.335203
5.530768 224.061893
5.537397 224.751624
5.543220 225.428843
5.549041 226.108870
5.560735 226.382234
5.566606 226.925173
5.572448 227.620995
5.578302 228.321902
5.584065 229.046014
5.589888 229.573296
5.595780 230.127386
5.601622 230.812056
5.607383 231.546018
5.613205 232.253680
5.619158 232.790376
5.630822 233.280791
5.636674 234.000474
5.649123 234.447346
5.654956 235.135303
5.661614 235.794346
5.667435 236.510214
5.685098 236.569672
5.692725 237.196921
5.698588 237.916674
5.716400 238.145687
5.722181 238.863511
5.733914 239.182701
5.739778 239.765929
5.747304 240.426599
5.753085 240.961731
5.758958 241.690037
5.777155 241.719862
5.788817 242.168147
5.794599 242.885103
5.800441 243.431106
5.806223 244.165553
5.812006 244.875666
5.817837 245.613185
5.829499 246.076035
5.835301 246.800659
5.841104 247.502459
5.846925 248.057726
5.852767 248.775209
5.858569 249.331623
5.864462 250.034910
5.876851 250.471631
5.882672 251.040506
5.888553 251.754317
5.894376 252.477155
5.900388 253.036861
5.906269 253.763741
5.912072 254.503116
5.917924 255.073867
5.923776 255.799146
5.929558 256.522062
5.935400 257.252838
5.941301 257.973021
5.947950 258.655299
5.954023 259.228608
5.959855 259.800795
5.971577 260.134663
5.989210 260.220569
6.001313 260.565360
6.007165 261.294730
6.012967 261.863755
6.025409 262.312336
6.031261 263.033206
6.037142 263.756589
6.042923 263.815837
6.048724 264.537981
6.060287 265.005242
6.072000 265.372805
6.077872 265.948092
6.083994 266.528004
6.089975 267.115456
6.095829 267.795834
6.101660 268.515561
6.109056 269.185422
6.114837 269.914709
6.120619 270.643850
6.126421 271.366899
6.132294 271.996242
6.138226 272.712119
6.149940 273.140377
6.161612 273.608158
6.167445 274.252566
6.173368 274.910719
6.179251 275.588359
6.185083 276.181125
6.190905 276.775740
6.196946 277.479191
6.202747 278.088720
6.208560 278.826230
6.214393 279.521230
6.237787 279.464828
6.244395 280.151227
6.250177 280.757047
6.256099 281.472826
6.261902 282.190142
6.267743 282.468085
6.279417 282.886044
6.285308 283.497177
6.291142 284.197974
6.297105 284.887863
6.302957 285.179897
6.308718 285.918811
6.314500 286.531737
6.320283 287.257231
6.326105 287.959836
6.331867 288.682391
6.337709 289.303844
6.349470 289.736269
6.355272 290.456421
6.361093 291.175618
6.372706 291.625790
6.378629 292.323792
6.384461 292.940274
6.390393 293.656127
6.396285 294.283372
6.402398 294.963938
6.408249 295.690660
6.414111 296.421652
6.419912 297.050639
6.425854 297.768042
6.437417 298.219879
6.443238 298.938658
6.449041 299.646057
6.460684 300.077055
6.466448 300.801507
6.472300 301.512067
6.478122 302.145591
6.483994 302.863556
6.490207 303.558299
6.496039 304.190186
6.501961 304.832334
6.507723 305.556440
6.513584 306.201413
6.519405 306.922643
6.525247 307.642792
6.536901 308.093494
6.543600 308.778567
6.549381 309.498474
6.555263 310.150371
6.561125 310.804427
6.566906 311.526552
6.572939 312.230707
6.584751 312.613860
6.591680 313.267781
6.604088 312.982060
6.610656 313.612991
6.616478 314.335962
6.628220 314.777450
6.634101 315.452248
6.639903 316.179085
6.645795 316.890921
6.651578 317.617303
6.657410 318.328328
6.669871 318.051028
6.675773 318.720117
6.687605 319.143349
6.693507 319.824876
6.699469 320.504664
6.705410 321.199347
6.711192 321.921413
6.716973 322.646940
6.722815 323.345055
6.728596 324.065785
6.734438 324.790476
6.740260 325.500958
6.746133 326.203096
6.752045 326.913708
6.757898 327.610892
6.764557 328.290843
6.776430 328.714059
6.782393 329.419115
6.794046 329.841871
6.805994 330.264956
6.811775 330.990509
6.817637 331.687983
6.823499 332.403688
6.829441 333.109721
6.835222 333.836065
6.841023 334.552240
6.852626 334.984514
6.858458 335.705463
6.864311 336.421926
6.870143 336.663991
6.875965 337.369713
6.887758 337.787947
6.907115 337.855868
6.912897 338.580233
6.925359 338.984014
6.931181 339.701292
6.936963 340.418222
6.942784 340.454634
6.948625 341.171344
6.954407 341.425793
6.966049 341.853346
6.972030 341.897370
6.977983 342.608840
6.989707 343.032324
6.995578 343.732754
7.001500 344.431773
7.013577 344.841190
7.019360 345.563259
7.030961 345.998648
7.037550 346.681601
7.043372 347.396639
7.049154 348.122471
7.055076 348.833526
7.060857 349.545904
7.066750 350.261546
7.072683 350.976272
7.078715 351.679283
7.102765 351.031847
7.108606 351.756707
7.114389 352.479982
7.120242 353.206253
7.132025 353.630524
7.137826 354.344573
7.143688 355.057744
7.155251 354.494925
7.161053 354.763012
7.166905 355.484900
7.172737 356.205566
7.178710 356.913677
7.184601 357.618137
7.190443 358.328261
7.208342 358.451891
7.214184 359.168761
7.219966 359.890692
7.231588 359.878390
7.237390 360.598082
7.243211 361.318932
7.249113 362.039989
7.254966 362.763395
7.260897 363.469840
7.266719 364.184933
7.272501 364.474411
7.284335 364.891556
7.290138 365.606296
7.304195 364.929399
7.309956 365.659244
7.315739 366.393263
7.333303 366.526707
7.341063 367.151349
7.346956 367.873423
7.352817 368.589581
7.358599 369.303265
7.364381 370.018995
7.370163 370.743167
7.376045 371.450567
7.381827 371.745941
7.393880 372.146888
7.405888 372.563592
7.411729 372.603070
7.417510 373.323756
7.424240 374.007121
7.430112 374.727264
7.435915 375.447673
7.441717 376.165929
7.447609 376.888976
7.453410 377.607136
7.465294 378.019076
7.477301 377.453823
7.489003 377.878020
7.495125 378.572117
7.519632 378.351283
7.525434 379.084251
7.537884 379.470735
7.549637 379.900307
7.555529 380.618420
7.561371 381.335841
7.567193 382.052151
7.572994 382.770490
7.578897 383.490829
7.584849 383.775976
7.590742 384.489742
7.596794 384.240004
7.602595 384.955930
7.625760 384.806927
7.631582 385.529901
7.637443 385.572631
7.644192 386.256289
7.656622 386.639391
7.662424 386.417998
7.668337 387.139842
7.680100 387.562076
7.686959 388.224485
7.692880 388.938182
7.698682 389.237698
7.704604 389.024709
7.717036 389.404297
7.722817 390.129436
7.734460 390.563401
7.740301 391.285028
7.746103 392.017685
7.751944 392.742210
7.757745 392.796971
7.763548 393.512709
7.775520 393.927608
7.794102 393.588878
7.799945 394.304688
7.805727 395.021482
7.811508 395.749232
7.817330 396.485880
7.823163 397.201876
7.828926 397.938311
7.840530 398.373718
7.846482 398.380191
7.858205 398.803917
7.865073 399.444027
7.871135 400.154751
7.876935 400.861795
7.882757 401.578632
7.888859 402.281106
7.894640 403.000865
7.900521 403.716436
7.906304 404.427080
7.912176 405.154824
7.917958 405.892041
7.923740 406.619282
7.929621 407.342354
7.935403 408.062517
7.941296 408.788757
7.959537 408.875666
7.965408 409.589399
7.971211 410.309560
7.977052 411.029626
7.982915 411.753392
7.989006 412.453512
8.020140 411.881037
8.025942 412.605374
8.039349 412.942500
8.045151 413.676005
8.050933 413.475951
8.062635 413.896152
8.068518 414.614951
8.074320 415.334919
8.086153 415.752213
8.091996 416.473452
8.104044 416.202324
8.109857 416.940537
8.121840 417.357494
8.127641 418.088124
8.133564 418.804721
8.139426 419.529136
8.145207 420.245203
8.150989 420.973622
8.156962 421.697856
8.162794 422.415879
8.168576 423.138319
8.180138 423.568846
8.186099 423.619249
8.192081 424.327487
8.197922 424.397772
8.203843 424.478102
8.209664 425.204841
8.215487 425.933387
8.221327 426.661822
8.227160 427.388714
8.232961 427.487072
8.238743 428.216874
8.244525 428.951359
8.250466 429.657574
8.257096 430.344836
8.269162 430.743835
8.274995 431.467389
8.280987 432.186346
8.312501 431.579846
8.318302 431.688360
8.324103 431.810801
8.329904 432.548294
8.335746 433.277038
8.341609 434.001821
8.353321 434.422086
8.359950 435.100901
8.365771 435.233333
8.371574 435.965661
8.377535 436.683125
8.383377 437.387152
8.389290 438.108821
8.395053 438.834514
8.407181 439.232973
8.413023 439.961519
8.437274 439.731237
8.443056 440.462753
8.448858 441.190348
8.454680 441.900228
8.460501 442.040351
8.466343 441.841450
8.478216 442.255653
8.491836 442.574918
8.497766 442.722033
8.509754 443.136711
8.515576 443.869504
8.521357 444.606211
8.527199 445.320421
8.532981 446.045956
8.538803 445.860771
8.544624 446.596579
8.551312 447.275093
8.557153 447.987762
8.568976 448.399931
8.587489 447.898147
8.593342 448.625848
8.599105 449.354528
8.605237 450.058406
8.611000 450.795144
8.616871 451.526118
8.622672 451.698927
8.628473 452.438273
8.634255 453.172226
8.640237 453.889276
8.646070 454.597812
8.652688 455.285747
8.658661 456.010188
8.670724 456.410124
8.676576 457.126959
8.682459 457.854712
8.688311 458.574106
8.706030 458.681747
8.711813 459.422888
8.724713 459.784989
8.730624 460.513505
8.736487 461.240907
8.742338 461.975065
8.748140 462.700153
8.754012 463.432128
8.759884 463.250797
8.765787 463.970952
8.771748 464.689637
8.777650 464.519592
8.795821 464.040506
8.807383 464.479816
8.813196 465.222148
8.818997 465.408677
8.824779 466.144844
8.830561 466.878252
8.842274 467.303241
8.848115 468.032230
8.853959 468.762782
8.859850 469.482755
8.871492 469.859133
8.877314 470.583283
8.883095 471.312180
8.894997 471.684568
8.900799 472.392646
8.906611 473.135185
8.912443 473.866962
8.918265 474.600944
8.924106 475.332081
8.937402 475.660795
8.943285 476.386591
8.949156 477.119005
8.954938 477.833433
8.966751 478.245956
8.984625 477.446732
8.990538 478.169388
8.996550 478.880645
9.002611 479.592661
9.008393 480.328130
9.014194 481.069415
9.020027 481.807202
9.025808 482.541624
9.031591 483.281934
9.037423 484.007430
9.043385 484.730194
9.049207 485.457763
9.054988 486.189211
9.066661 486.604148
9.078433 487.007573
9.102546 486.207540
9.108327 486.401577
9.114129 487.133430
9.119970 487.336277
9.125792 488.068919
9.131663 488.798887
9.137546 489.534128
9.143379 490.269395
9.149230 490.999333
9.155012 491.728619
9.166945 492.130795
9.185465 492.177050
9.191247 492.028932
9.197209 492.743763
9.203350 493.456516
9.209151 494.195077
9.214953 494.936916
9.220755 495.667645
9.226637 496.398219
9.232530 497.131488
9.244172 497.549120
9.261636 497.651014
9.267518 498.375394
9.274208 499.062999
9.280041 499.791551
9.303725 499.553784
9.316236 499.936185
9.322087 500.138655
9.328715 500.828447
9.334597 501.564917
9.340378 501.782268
9.346180 502.514784
9.352061 502.738434
9.357844 503.478022
9.363625 504.210114
9.369407 504.937091
9.381160 505.347959
9.386992 505.204614
9.392794 505.929756
9.398656 506.654081
9.404617 507.372992
9.410398 508.117284
9.417018 508.814525
9.422879 509.546856
9.428781 510.276886
9.434583 511.008928
9.440384 511.743440
9.452107 512.153481
9.457909 512.880106
9.469822 513.280979
9.475654 514.005585
9.481867 514.717677
9.511459 513.296999
9.523887 513.677144
9.529749 514.416274
9.535650 515.142494
9.543027 515.798744
9.548889 516.528497
9.554863 517.257082
9.572707 517.339123
9.578569 518.064079
9.584351 518.793277
9.590184 519.522896
9.596236 519.386575
9.602057 519.286508
9.607839 520.032730
9.613781 520.759625
9.625362 521.181675
9.631205 521.915164
9.637026 522.651361
9.642879 523.388163
9.648680 524.122049
9.654462 524.854461
9.660244 524.803154
9.677860 524.899724
9.683801 524.802785
9.689755 525.526889
9.695726 526.235388
9.708734 526.590922
9.721192 526.409516
9.727014 527.144988
9.732835 527.881246
9.738636 528.619312
9.744499 529.350755
9.750361 530.070929
9.756991 530.764468
9.776538 530.750916
9.782359 531.486859
9.788212 532.217025
9.794243 532.123821
9.800004 532.057341
9.806574 532.762856
9.812505 533.501315
9.829869 533.612796
9.835710 534.349942
9.841491 535.087890
9.855253 535.395795
9.861125 535.275051
9.867047 536.001306
9.872880 536.735476
9.879053 537.447163
9.896803 536.738958
9.902925 536.674639
9.908746 537.416615
9.914527 538.159158
9.921155 538.860349
9.927096 539.593998
9.932969 540.333606
9.938822 541.075060
9.944624 541.811273
9.950446 542.544773
9.968422 541.843853
